KIND:nbs
UNITS:cms
INTERVAL:month
LOCATION:erie
# Sample data for GLRRM
#YYYY,   Jan,    Feb,    Mar,    Apr,    May,    Jun,    Jul,    Aug,     Sep,    Oct,    Nov,    Dec
1950,   5598,   3557,   4476,   3868,   1196,    763,    644,   -114,    -140,   -126,    739,   2376
1951,   2896,   4320,   4056,   3193,   1615,   1223,    419,   -560,    -904,   -620,    516,   1577
1952,   4278,   1914,   3098,   2874,   1596,    367,   -236,    -89,    -683,  -1815,   -182,    448
1953,   1320,    759,   2218,   1385,   2050,    719,    -54,   -255,   -1051,  -1148,   -593,   -272
1954,    865,   2420,   3163,   3198,    321,    511,   -182,   -278,    -687,   2637,    -47,    898
1955,   1410,   2045,   3926,   2291,    763,    270,   -111,    -79,   -1001,   -121,   -142,    127
1956,    363,   1983,   2726,   2213,   2886,    868,    543,   1132,    -618,   -799,   -748,    561
1957,   1048,   1283,    932,   3595,   1251,   1546,    807,   -493,      67,   -763,   -198,   1509
1958,    525,    525,    917,   1387,    694,   1178,   1193,    497,     237,   -911,    186,   -173
1959,   2261,   2694,   2179,   2482,   1616,    407,    366,    -92,    -721,    -88,     -4,   1341
1960,   1582,   1539,   1019,   2153,   1632,   1329,    143,   -120,    -680,  -1131,   -567,   -618
1961,     63,   1543,   1817,   3760,   1004,    966,    629,    308,    -426,  -1043,   -461,    -89
1962,   1068,   1230,   1824,    889,    620,    757,      5,     49,    -438,   -457,   -104,     13
1963,    296,    299,   2614,   1365,    790,    409,     84,   -319,    -867,   -857,   -572,   -494
1964,    537,    230,   2291,   2617,    812,    340,   -110,    336,   -1153,  -1208,   -770,    327
1965,   1337,   1692,   2043,   1778,    871,    391,    -78,    -28,    -294,   -607,   -150,    757
1966,    391,   1183,   1409,   1485,    932,    785,    157,    -94,    -817,  -1218,    865,   1901
1967,    406,    849,   1818,   1967,   1583,   1029,    284,   -258,    -562,   -423,    197,   1638
1968,   1395,   1326,   1520,   1221,   1693,   1218,    400,     73,    -329,   -906,    204,    943
1969,   2033,    935,    823,   2975,   2515,   1224,   1655,   -585,    -771,  -1089,    244,    136
1970,    502,   1117,   1489,   2127,   1406,    842,    875,   -487,     191,   -152,     20,    307
1971,    187,   2316,   1438,    972,   1014,    860,    -57,   -259,    -216,   -442,  -1171,    797
1972,    362,    618,   2313,   2492,   1418,   1409,    663,    266,     485,   -676,   1454,   1466
1973,    783,    757,   3455,   1665,   1514,   1871,    425,   -129,   -1193,   -489,   -191,    712
1974,   2100,   1259,   2610,   2136,   1881,    993,     26,   -238,    -846,  -1032,    518,    849
1975,   1668,   2028,   1780,   1161,   1194,   1538,      2,   1229,    -250,   -804,   -216,    964
1976,   1147,   3469,   2892,   1175,   1089,    975,    752,   -368,    -248,   -930,   -763,     14
1977,    387,    952,   2757,   2468,    798,    733,    881,    785,    1282,   -968,    221,   2252
1978,   1180,    362,   3254,   2559,   1463,    948,     81,    101,    -280,   -609,   -613,    225
1979,   1050,    794,   2558,   2804,   1509,    645,    430,    294,      12,   -684,    590,   1365
1980,    427,    423,   2539,   2199,   1045,   1496,   1172,    971,    -410,  -1170,   -715,    208
1981,    214,   2755,    699,   2214,   1259,   2577,    700,    142,     452,   -102,   -254,    423
1982,   1172,   1441,   3725,   1736,   1230,   1453,    409,   -446,     -32,  -1013,   1087,   1595
1983,    162,    571,   1026,   2039,   2033,    882,    799,      6,    -995,   -763,    902,   1221
1984,    403,   2321,   2163,   2175,   2098,   1101,    131,     14,    -337,   -511,   -527,    903
1985,    668,   2461,   2922,   1666,    823,    557,    408,     99,    -632,   -438,   2694,    205
1986,    757,   1713,   1930,   1189,   1191,   1641,    719,   -436,     522,    133,   -504,    870
1987,    336,    206,   1130,   1416,    508,    814,    514,      4,    -416,  -1154,   -381,    717
1988,    199,   1040,   1055,   1177,    513,   -211,    342,   -477,    -868,  -1105,    313,    -15
1989,    837,    288,    962,   1480,   2075,   2045,    483,   -352,    -611,   -772,   -440,   -137
1990,   1527,   3013,   1133,   1657,   1899,    743,    697,    562,     353,      7,     33,   2782
1991,   1322,   1207,   1598,   2028,    871,    116,   -416,   -224,   -1635,   -593,   -590,      7
1992,    595,   1122,   1259,   2027,    605,    374,   1806,    579,     776,   -802,   1893,    436
1993,   2427,    356,   2445,   2110,    553,   1295,    263,   -363,   -1000,  -1016,     92,     74
1994,    674,   1127,   1538,   2350,    699,   1150,    325,    176,    -829,  -1139,   -831,    163
1995,   1167,    170,   1211,   1555,    992,    604,    241,   -246,   -1514,   -888,   -200,   -239
1996,   1385,    966,   1243,   2288,   2060,   1938,    474,   -385,     834,   -351,    -38,   1490
1997,    812,   2431,   2616,   1012,   2081,   2264,    257,     74,    -412,  -1152,   -402,    663
1998,   2150,   1496,   2027,   2205,    819,    537,    166,    381,   -1123,  -1479,   -982,   -578
1999,   1565,    882,   1069,   2070,    567,    416,     26,   -753,   -1015,  -1339,   -347,   -191
2000,    188,    938,    753,   1880,   1550,   2033,    451,    190,   -1017,   -574,   -936,    210
2001,    407,   1869,    870,   1557,   1219,    717,   -569,   -410,    -909,    -62,    -19,    464
2002,    467,   1306,   1280,   2229,   1695,    455,   -241,   -836,    -595,  -1584,   -578,     41
2003,    517,    648,   1742,   1429,   2293,   1064,    982,     15,     131,   -652,    365,    962
2004,    769,    638,   2285,   1469,   2837,   1174,    721,    -80,    -814,   -783,    252,    748
2005,   3214,   1786,    971,   2271,    560,    551,    379,     46,    -170,  -1029,   -199,    344
2006,   1786,   1303,   1245,   1079,   1705,   1152,   1466,   -295,     -21,    486,    721,   1595
2007,   2762,    232,   2536,   1641,    796,    231,    127,   1143,    -181,   -824,    -75,   1521
2008,   1381,   2980,   3196,   1734,   1173,   1542,   1054,   -247,     -13,   -979,    246,   1648
2009,    587,   2401,   2857,   2169,   1168,   1287,    513,    278,    -488,   -310,   -333,    245
2010,    698,    581,   1926,   1338,   1968,   1475,    537,   -397,    -500,   -526,    -10,    143
2011,    644,   1880,   3598,   3393,   3675,    817,    442,    171,     514,    566,   1368,   2516
2012,   1696,    963,   1652,    209,    634,     64,      0,   -330,    -435,    420,   -393,    715
2013,   1456,   1125,   1251,   2422,    847,   1872,   1573,      2,    -502,     27,   -400,   1312
2014,    833,   1174,    868,   2175,   1320,    914,    386,    183,     297,   -440,   -514,    148
2015,    475,    272,    808,   1358,    915,   2157,    489,   -353,    -137,   -848,   -504,    597
