KIND:nbs
UNITS:mm
INTERVAL:month
LOCATION:mich-huron
# Sample data for GLRRM
#YYYY,    Jan,     Feb,     Mar,      Apr,      May,      Jun,     Jul,     Aug,    Sep,      Oct,     Nov,     Dec
1950,   76.66,   61.25,  126.94,   214.50,   136.32,   137.24,  127.57,   68.84,   52.63,   26.44,   -1.65,    9.73
1951,   63.08,   83.09,  138.13,   285.71,   138.94,   116.05,  153.38,   87.08,   47.83,  127.02,   50.23,   60.12
1952,   99.41,   54.77,  119.77,   217.40,   147.31,   111.36,  170.40,   89.68,    9.66,  -89.15,   35.41,   21.70
1953,   28.68,   69.65,  134.17,   165.18,   166.92,   125.91,   94.93,   56.76,    7.02,   -8.00,  -17.78,  -22.38
1954,  -28.01,   77.28,   94.43,   211.15,   131.39,   201.44,   83.63,   34.79,   93.67,  187.83,   26.19,   -4.40
1955,   12.22,   41.72,   88.47,   186.38,   119.84,    85.37,   65.09,   32.20,  -37.65,   53.38,  -31.56,  -47.47
1956,  -13.12,   26.69,   77.55,   161.66,   205.57,   118.08,  131.42,  106.28,   11.66,   -0.26,  -26.05,   -9.89
1957,    7.27,   42.62,   73.33,   154.44,   158.10,   149.26,  139.68,   29.47,   45.72,   34.93,   45.37,   39.24
1958,   16.98,    6.37,   59.37,    92.58,    63.73,    90.20,   94.73,   40.10,   57.32,   12.42,   -1.96,  -56.65
1959,   10.70,   59.58,  109.83,   230.80,   170.65,    77.36,  106.06,  145.94,   59.41,   86.96,   25.45,   55.57
1960,   68.80,   57.42,   57.31,   267.33,   315.50,   169.96,  130.64,   86.58,   52.70,   17.55,   22.22,  -58.70
1961,  -11.71,   45.69,  113.74,   127.96,   105.29,   124.52,  109.32,   71.15,  128.81,   36.59,   34.15,   -1.32
1962,   33.52,   64.51,  100.09,   134.13,   155.95,   102.80,   78.82,   70.31,   31.31,   37.69,  -20.54,  -14.31
1963,    6.32,   24.93,  112.22,   128.07,   144.15,    87.74,  100.62,   58.74,   31.40,    7.22,    6.91,  -39.07
1964,   20.30,   -4.01,   51.09,   134.50,   139.87,    65.13,   94.91,   68.59,   56.18,  -15.74,   24.00,   -7.53
1965,   44.66,   76.32,   88.56,   198.41,   165.18,    87.68,   71.76,  101.56,  162.56,   57.00,   64.05,   92.36
1966,   32.28,   77.01,  143.68,   138.43,   106.23,    94.28,   52.07,   58.83,  -10.66,    0.35,   84.23,   71.67
1967,   71.37,   49.12,   92.82,   259.25,   135.47,   210.08,   87.52,   72.18,   16.69,   74.88,   66.39,   66.18
1968,   44.85,   77.33,   80.91,   155.62,   132.44,   162.52,  100.83,   89.24,   97.23,   23.30,   21.89,   31.66
1969,   78.58,   40.67,   70.16,   203.12,   175.89,   211.51,  132.21,   26.65,    6.23,   81.01,   43.33,  -13.80
1970,   24.28,   15.10,   74.54,   159.39,   166.26,   148.84,  163.41,   37.87,  130.04,   73.93,   33.19,   31.95
1971,   40.66,   94.11,  126.63,   174.91,   149.49,   120.15,  100.45,   70.98,   44.24,   30.88,   -3.57,   77.36
1972,   10.85,   46.27,  106.25,   172.50,   171.87,   120.94,  129.26,  149.40,   97.33,   33.69,   44.80,   82.13
1973,   93.38,   57.04,  197.86,   182.74,   240.24,   163.58,  116.44,  109.17,   33.57,   70.84,   24.48,   25.34
1974,   90.49,   61.83,  128.62,   211.10,   195.22,   173.22,  108.76,   82.75,   37.01,   31.40,   49.22,   16.80
1975,   71.75,   69.09,   98.42,   172.27,   175.71,   160.34,  105.17,  134.62,   59.12,    3.15,   60.78,   27.52
1976,   22.10,  106.62,  245.51,   196.45,   189.31,   112.43,   86.82,   26.90,    6.24,  -12.71,  -35.93,  -33.45
1977,   30.16,  104.16,  186.82,   160.47,    81.75,    90.80,  114.79,  131.25,  127.02,   63.34,   87.60,   51.05
1978,   41.93,   32.18,   71.45,   176.29,   176.51,   118.68,  115.34,  114.14,  170.31,   59.34,   19.42,   15.16
1979,   67.38,   44.79,  206.06,   250.44,   195.32,   149.53,   90.98,  127.43,   22.43,   66.67,   73.66,   50.07
1980,   41.97,   28.96,   73.81,   202.15,   119.35,   148.66,  113.95,  118.75,   88.30,   18.87,    2.92,   13.35
1981,   14.64,  114.42,   83.40,   200.20,   128.74,   137.71,   77.45,  106.81,   77.96,   79.47,   24.33,   -5.49
1982,   25.99,   31.88,  139.73,   184.09,   134.95,   114.76,  115.09,   82.05,   85.67,   62.30,   96.08,  123.40
1983,   51.75,   64.58,  115.03,   167.80,   261.19,   125.57,   76.12,   74.94,   62.28,   66.28,   20.12,    1.90
1984,   23.02,  103.93,  100.02,   161.21,   154.23,   149.95,  103.91,   99.75,   81.69,   86.87,   71.54,   54.12
1985,   54.09,  106.85,  195.25,   231.90,   157.29,    88.77,   95.93,  112.22,   93.83,   85.55,  122.67,   17.12
1986,   32.97,   46.45,  144.04,   158.45,   127.99,   134.80,  136.05,   63.87,  246.62,  125.08,  -29.80,   -0.07
1987,   13.66,   16.49,   73.19,   109.65,    86.29,    83.55,   61.32,   92.25,   50.14,   -7.50,   16.88,   40.95
1988,    5.97,   42.76,   94.33,   180.14,    92.32,    48.95,   66.73,   69.30,   47.11,   51.69,  143.27,   -0.31
1989,   33.13,   10.78,  100.37,   127.50,   137.07,   158.79,   69.38,   70.47,   13.12,   11.68,    7.36,   -9.22
1990,   87.81,   52.66,  145.95,   113.91,   195.42,   187.99,  110.50,   94.27,   63.01,  101.94,   97.98,   45.44
1991,   29.64,   52.64,  175.54,   241.07,   169.21,    78.47,  112.88,   51.08,   10.59,  106.47,   35.76,   47.30
1992,   47.51,   52.23,   97.67,   168.90,    98.29,    75.17,  117.08,   74.03,  104.79,   37.19,  149.02,   36.39
1993,   82.54,   15.53,   69.60,   226.01,   157.01,   208.55,  131.08,  109.01,   61.16,   43.94,   26.09,   -2.08
1994,   27.48,   70.64,   95.45,   141.54,   119.94,   129.40,  154.14,  124.21,   72.00,   26.61,   53.18,   13.88
1995,   40.92,    5.70,   96.99,   130.85,   158.17,   104.13,  101.94,  110.11,    3.24,   62.92,   37.55,   13.86
1996,   62.67,   70.21,   69.42,   184.62,   208.40,   215.45,  152.54,   88.65,  111.97,   68.38,   31.63,   75.92
1997,  102.15,  128.31,  126.58,   156.34,   200.31,   130.68,  101.96,   99.37,   57.55,    7.46,    4.29,   -7.56
1998,   71.77,   63.36,  158.55,   174.69,   100.98,    99.95,   37.24,   67.42,   28.14,   14.01,    3.32,  -25.54
1999,   38.93,   55.28,   28.21,   138.19,   117.32,   120.22,  131.17,   27.45,   24.00,   -3.84,   -6.16,    1.75
2000,  -14.25,   43.72,   85.77,   101.53,   184.03,   142.81,  100.67,   78.78,   64.81,    9.41,   20.08,  -18.03
2001,   22.12,   86.38,   60.68,   186.38,   184.78,   139.08,   39.86,   89.90,  107.26,  135.49,   90.55,   49.19
2002,    6.58,   51.67,  117.33,   208.39,   188.55,   158.14,   91.12,   75.88,   15.66,    6.02,  -19.95,  -45.71
2003,  -16.72,   33.98,   97.90,   154.05,   179.99,   119.46,  113.75,   68.82,   34.55,   41.61,  137.02,   40.92
2004,   14.60,   46.43,  180.68,   147.19,   289.66,   152.54,  106.09,   50.47,    5.50,   36.34,   32.62,   29.35
2005,   72.67,   88.89,   77.73,   142.82,    92.59,    99.30,   75.08,   65.16,   50.72,   -0.42,   60.89,   13.36
2006,  101.70,   65.88,  121.66,   176.28,   175.63,    79.91,  106.83,   58.96,   61.05,   84.85,   71.62,  118.07
2007,   47.96,   11.43,  146.71,   153.53,   102.34,   100.67,   67.90,   77.03,   26.30,   75.53,  -28.24,   31.95
2008,  133.63,  121.08,  105.68,   253.69,   169.01,   208.21,  131.71,   63.74,  115.33,   19.40,   49.88,  126.59
2009,   66.92,  132.06,  155.95,   223.72,   187.70,   157.55,   91.38,  122.29,   40.42,  127.17,   56.95,   55.76
2010,   28.18,   44.18,   77.07,   101.35,   125.68,   206.28,  148.57,   75.42,  103.90,   21.27,   22.98,   19.53
2011,   45.77,   57.23,  122.82,   257.89,   208.88,   160.56,   98.00,   51.08,   52.08,   67.30,   50.57,   48.83
2012,   51.62,   46.13,  157.39,    81.37,   101.84,    85.44,   40.78,   19.80,   -6.68,   75.75,  -11.90,   33.90
2013,   54.93,   83.53,   86.12,   282.02,   209.52,   143.08,   87.74,   70.61,   24.26,   83.55,   88.16,    8.88
2014,   36.87,   38.94,   62.72,   193.81,   184.54,   151.82,  107.47,  102.53,   95.87,  118.72,   53.77,   22.90
2015,   13.91,   18.03,   50.81,   140.38,   154.24,   138.50,   65.32,   58.12,   50.58,    0.13,   60.23,  103.83
