KIND:nbs
UNITS:mm
INTERVAL:month
LOCATION:stc
# Sample data for GLRRM
#YYYY,    Jan,      Feb,      Mar,      Apr,      May,      Jun,     Jul,      Aug,      Sep,     Oct,     Nov,      Dec
1950,  1111.43,   597.11,   1376.95,   1256.39,   119.80,   -17.22,   -1.69,   -45.59,   28.07,   120.81,   374.58,   911.87
1951,   708.97,  1048.80,   1164.60,   1062.27,   114.52,   42.18,   -35.10,   -81.43,   -67.95,   86.05,   273.94,   280.97
1952,  1250.76,   634.53,   1074.68,    866.57,   222.11,   -41.67,   -96.81,   -63.73,   -59.10,   -21.89,   88.07,   156.34
1953,   208.82,   121.29,    693.85,    340.67,   342.61,   192.38,   30.20,   225.30,   -65.22,   -30.87,   21.22,   75.96
1954,   106.84,  1203.10,   1200.17,    713.03,   110.73,   14.10,   -101.97,   -94.66,   -19.37,   560.95,   270.03,   478.23
1955,   614.15,   652.55,   1233.81,    486.07,   25.02,   -46.61,   -111.74,   -89.43,   -54.09,   74.92,   266.51,   244.58
1956,    96.18,   262.27,   1487.07,    819.47,   1601.96,   112.18,   39.33,   249.80,   124.29,   44.64,   90.38,   398.71
1957,   391.96,   492.08,    618.61,    793.46,   370.27,   53.53,   202.54,   -66.13,   89.81,   151.42,   420.63,   977.48
1958,   174.62,   118.79,    524.54,    203.06,   -7.90,   30.52,   -21.96,   -77.45,   29.52,   5.00,   116.41,   45.00
1959,   177.30,   317.66,   1391.70,    949.09,   337.97,   4.42,   -65.16,   39.65,   5.10,   260.84,   484.85,   783.65
1960,   553.42,   449.70,    490.48,   1706.56,   553.99,   424.00,   -62.95,   -49.05,   -69.62,   17.56,   53.00,   10.09
1961,    -0.81,   337.92,    420.59,    633.06,   274.59,   53.10,   -24.95,   88.59,   35.37,   10.77,   186.43,   195.39
1962,   120.17,   146.11,   1229.78,    329.20,   54.29,   116.16,   -94.63,   -18.25,   -34.50,   44.38,   285.01,   197.31
1963,    32.43,     5.49,   1036.77,    360.77,   236.96,   12.10,   -118.19,   -85.98,   -52.34,   -33.95,   25.73,   20.37
1964,   142.53,   122.62,    437.79,    468.80,   137.01,   -5.22,   -106.76,   117.08,   -10.80,   -15.64,   12.23,   240.33
1965,   365.54,   852.14,    989.97,   1056.82,   88.54,   -43.59,   -56.40,   -21.16,   -7.88,   89.73,   161.61,   687.21
1966,   192.93,   419.32,    749.35,    459.89,   207.34,   155.63,   -72.76,   4.38,   -58.39,   16.93,   279.37,   969.99
1967,   418.40,   217.57,    970.23,   1143.50,   211.35,   438.74,   147.15,   40.27,   10.02,   419.78,   673.57,   1016.07
1968,   361.12,  1258.57,    955.46,    340.59,   265.43,   383.40,   119.71,   43.64,   27.75,   82.11,   257.43,   516.01
1969,   590.83,   598.41,    531.35,    905.80,   642.52,   204.32,   136.38,   -46.85,   -71.12,   24.85,   212.62,   232.71
1970,    65.16,   160.68,    558.61,    841.67,   224.43,   56.11,   38.74,   -86.52,   -8.55,   64.74,   247.64,   442.75
1971,   128.70,   600.57,   1139.78,    546.68,   56.57,   -3.20,   -113.34,   -18.05,   -12.42,   -9.63,   20.61,   286.72
1972,   228.08,   101.47,    956.80,    947.94,   191.73,   18.64,   12.13,   48.06,   0.83,   125.27,   506.28,   684.69
1973,   905.70,   298.36,   1799.51,    476.79,   321.97,   244.45,   20.08,   14.19,   -47.83,   42.57,   343.83,   572.20
1974,  1075.97,   606.09,   1246.57,    790.51,   817.91,   53.44,   -28.76,   -10.42,   -4.31,   27.62,   164.00,   247.59
1975,   684.15,   653.37,   1022.52,   1059.61,   197.89,   225.18,   -57.32,   215.14,   305.18,   67.19,   178.11,   530.28
1976,   249.41,  1463.32,   1799.84,    579.06,   597.21,   82.65,   348.92,   100.25,   68.98,   117.34,   171.59,   94.18
1977,    12.27,   139.33,   1728.73,    705.78,   78.08,   -4.90,   -22.85,   -10.96,   294.74,   341.85,   383.55,   1101.98
1978,   203.65,   101.55,   1128.47,   1396.09,   304.64,   39.68,   -79.00,   -53.03,   47.72,   88.14,   120.92,   220.22
1979,   251.70,    52.82,   1166.93,   1459.10,   312.41,   48.17,   53.22,   -27.56,   -23.14,   46.57,   423.42,   765.61
1980,   331.72,    88.15,    960.97,    896.96,   245.16,   158.92,   160.07,   146.91,   93.61,   110.29,   95.96,   275.57
1981,    44.83,  1277.40,    408.19,    580.87,   361.60,   80.38,   13.38,   61.96,   524.79,   998.91,   379.96,   323.62
1982,   339.35,   103.32,   1808.78,   1186.62,   124.20,   211.61,   43.81,   -12.38,   106.03,   76.42,   699.17,   1089.65
1983,   292.78,   452.55,    369.61,    718.62,   827.47,   255.59,   153.65,   203.99,   33.79,   144.26,   484.87,   822.67
1984,    89.39,  1241.40,   1083.98,    540.26,   322.77,   383.74,   78.08,   22.30,   234.05,   122.69,   484.69,   654.27
1985,   576.44,  1169.51,   2110.78,   1070.13,   118.80,   42.84,   49.73,   198.00,   207.85,   342.12,   1138.16,   470.48
1986,   467.99,   388.39,   1505.79,    449.94,   200.91,   311.87,   70.07,   15.68,   707.57,   930.09,   263.13,   673.07
1987,   346.31,   121.31,    781.04,    617.12,   80.43,   1.36,   -19.88,   -31.69,   24.20,   68.24,   320.62,   933.65
1988,   164.53,   273.27,    669.75,    339.39,   85.68,   -100.51,   -39.66,   -76.41,   -4.43,   151.12,   536.98,   253.74
1989,   310.30,   140.75,    375.63,    492.62,   155.31,   375.85,   76.50,   -8.44,   77.02,   83.90,   253.07,   112.27
1990,   720.46,   937.00,    877.63,    530.87,   384.58,   122.41,   35.69,   120.89,   288.27,   590.51,   620.08,   961.41
1991,   597.09,   529.31,    938.73,    720.56,   365.74,   37.64,   -83.73,   14.24,   -75.96,   137.28,   148.81,   315.33
1992,   350.13,   656.76,    831.70,    847.85,   197.07,   80.26,   372.20,   287.57,   750.10,   414.03,   1337.86,   465.84
1993,  1297.24,   148.58,    762.24,   1070.54,   164.00,   201.74,   -19.88,   -33.40,   48.83,   113.72,   162.41,   204.68
1994,   204.67,   504.83,    984.93,    585.83,   293.73,   278.60,   157.47,   38.03,   -15.16,   48.48,   158.27,   354.18
1995,   737.97,   119.09,    840.21,    519.30,   369.51,   87.25,   76.00,   69.91,   -38.24,   131.58,   584.04,   284.52
1996,   541.89,   683.24,    482.93,   1025.55,   790.47,   690.14,   51.11,   -51.38,   452.33,   428.01,   454.54,   901.51
1997,   689.09,  1249.18,   1224.24,    393.82,   684.01,   266.19,   33.13,   32.34,   78.17,   47.75,   182.57,   327.43
1998,   874.44,   705.07,   1102.67,    427.76,   122.64,   -0.36,   -11.20,   49.62,   -62.11,   -6.35,   52.99,   79.50
1999,   527.40,   343.90,    338.92,    412.87,   62.23,   73.33,   -17.01,   -68.42,   -15.68,   31.95,   112.21,   345.28
2000,   170.21,   379.78,    272.81,    562.58,   489.85,   499.08,   461.83,   304.89,   273.29,   189.31,   209.00,   343.55
2001,   240.55,  1323.62,    676.31,    485.70,   194.88,   166.77,   -100.66,   -32.31,   78.26,   653.83,   408.51,   692.55
2002,   341.14,   779.34,    610.22,    775.23,   390.21,   132.99,   -10.33,   -80.97,   -46.97,   -2.82,   143.48,   139.92
2003,    44.50,    65.40,    679.42,    533.06,   497.54,   160.84,   -67.53,   -28.93,   25.49,   116.50,   596.14,   677.78
2004,   351.32,   274.56,   1321.59,    331.50,   1182.82,   251.88,   64.96,   82.17,   -51.03,   74.18,   191.18,   500.06
2005,  1058.38,   879.99,    696.94,    724.14,   206.25,   42.81,   8.54,   -42.42,   11.87,   3.31,   225.89,   427.10
2006,   917.50,   867.38,   1111.12,    436.89,   334.90,   93.75,   115.16,   47.77,   115.30,   987.25,   605.86,   1052.97
2007,   959.97,    90.23,   1157.08,    420.90,   307.85,   -18.58,   -61.29,   68.21,   -36.34,   22.51,   78.59,   444.33
2008,   821.26,   890.26,   1067.35,    861.16,   137.50,   259.51,   118.17,   -12.64,   347.58,   102.57,   724.36,   1487.74
2009,   450.55,  1405.77,   1328.27,    937.36,   534.34,   370.60,   81.40,   154.58,   16.98,   176.61,   115.94,   319.49
2010,   234.96,   136.68,    715.70,    421.22,   512.07,   240.34,   85.96,   -70.86,   40.63,   91.95,   223.05,   240.12
2011,   468.14,   587.52,   1882.11,   1039.46,   1201.67,   279.84,   88.41,   31.89,   230.43,   525.23,   624.41,   1266.52
2012,   777.45,   470.32,    562.68,     93.31,   160.64,   0.47,   10.10,   -5.94,   -21.17,   91.14,   138.98,   296.71
2013,   726.41,   559.71,    805.16,   1473.34,   279.02,   373.31,   227.51,   21.36,   191.66,   359.89,   500.11,   482.28
2014,   580.88,   260.17,    636.99,   1364.36,   494.09,   135.55,   82.05,   146.75,   298.68,   90.15,   466.63,   793.08
2015,   329.71,    59.62,    667.09,    981.64,   243.85,   433.03,   29.53,   25.81,   19.99,   343.60,   344.04,   679.23
